[gd_scene load_steps=14 format=3 uid="uid://d1qaa8pm25ulb"]

[ext_resource type="Texture2D" uid="uid://c8arnlq67qi7" path="res://assets/textures/grids/Dark/texture_05.png" id="1_brvut"]
[ext_resource type="Texture2D" uid="uid://b58xv1joypxo5" path="res://assets/textures/grids/Orange/texture_09.png" id="2_0ha60"]
[ext_resource type="Texture2D" uid="uid://cm5m7nr7dugjd" path="res://assets/textures/grids/Purple/texture_09.png" id="3_4j5ol"]
[ext_resource type="Texture2D" uid="uid://djg8y25y06h5n" path="res://assets/textures/grids/Green/texture_09.png" id="4_p1hux"]
[ext_resource type="PackedScene" uid="uid://dsqun7wqlvmtl" path="res://scene/player.tscn" id="5_0ha60"]
[ext_resource type="PackedScene" uid="uid://bamo1htuwu84c" path="res://scene/paused_menu.tscn" id="6_4j5ol"]

[sub_resource type="ProceduralSkyMaterial" id="ProceduralSkyMaterial_of57s"]
sky_horizon_color = Color(0.662243, 0.671743, 0.686743, 1)
ground_horizon_color = Color(0.662243, 0.671743, 0.686743, 1)

[sub_resource type="Sky" id="Sky_b5f6u"]
sky_material = SubResource("ProceduralSkyMaterial_of57s")

[sub_resource type="Environment" id="Environment_tqoya"]
background_mode = 2
sky = SubResource("Sky_b5f6u")
tonemap_mode = 2
sdfgi_enabled = true
glow_enabled = true
fog_enabled = true
fog_light_color = Color(1, 1, 1, 1)
fog_density = 0.001

[sub_resource type="StandardMaterial3D" id="StandardMaterial3D_k65ib"]
albedo_texture = ExtResource("1_brvut")
uv1_triplanar = true
uv1_triplanar_sharpness = 0.965936

[sub_resource type="StandardMaterial3D" id="StandardMaterial3D_wscrc"]
albedo_texture = ExtResource("2_0ha60")

[sub_resource type="StandardMaterial3D" id="StandardMaterial3D_mswub"]
albedo_texture = ExtResource("3_4j5ol")
uv1_triplanar = true

[sub_resource type="StandardMaterial3D" id="StandardMaterial3D_hybxs"]
albedo_texture = ExtResource("4_p1hux")
uv1_triplanar = true

[node name="world" type="Node3D"]

[node name="DirectionalLight3D" type="DirectionalLight3D" parent="."]
transform = Transform3D(-0.866025, -0.433013, 0.25, 0, 0.5, 0.866025, -0.5, 0.75, -0.433013, 0, 0, 0)
shadow_enabled = true

[node name="WorldEnvironment" type="WorldEnvironment" parent="."]
environment = SubResource("Environment_tqoya")

[node name="map" type="Node3D" parent="."]

[node name="floor" type="CSGBox3D" parent="map"]
transform = Transform3D(1, 0, 0, 0, 1, 0, 0, 0, 1, 0, -0.011371, 0)
material_override = SubResource("StandardMaterial3D_k65ib")
use_collision = true
size = Vector3(1000, 0.001, 1000)

[node name="box" type="CSGBox3D" parent="map"]
transform = Transform3D(0.69208, 0, -0.721821, 0, 1, 0, 0.721821, 0, 0.69208, -3.46833, 0.490869, 6.26479)
layers = 2
material_override = SubResource("StandardMaterial3D_wscrc")
use_collision = true

[node name="box2" type="CSGBox3D" parent="map"]
transform = Transform3D(0.995327, 0, -0.096558, 0, 1, 0, 0.096558, 0, 0.995327, 4.5886, 0.977317, -0.223022)
layers = 2
material_override = SubResource("StandardMaterial3D_mswub")
use_collision = true
size = Vector3(2, 2, 2)

[node name="box3" type="CSGBox3D" parent="map"]
transform = Transform3D(0.975315, 0, -0.220817, 0, 1, 0, 0.220817, 0, 0.975315, -3.76232, 1.49031, -6.36885)
layers = 2
material_override = SubResource("StandardMaterial3D_hybxs")
use_collision = true
size = Vector3(3, 3, 3)

[node name="Player" parent="." instance=ExtResource("5_0ha60")]
sens_horizontal = 0.2
sens_vertical = 0.2

[node name="CanvasLayer" type="CanvasLayer" parent="."]

[node name="PausedMenu" parent="CanvasLayer" instance=ExtResource("6_4j5ol")]
